-124 1
-117 1
-116 1
-115 1
-97 2
-92 1
-89 1
-82 2
-81 2
-79 1
-76 3
-75 1
-73 1
-70 2
-69 1
-68 1
-67 1
-66 3
-63 2
-62 1
-61 1
-60 1
-59 3
-58 1
-57 1
-55 1
-54 1
-53 2
-52 2
-51 1
-50 3
-49 4
-48 2
-46 3
-45 3
-44 2
-41 5
-40 5
-39 3
-38 2
-37 1
-36 1
-35 2
-34 3
-33 4
-32 6
-31 1
-30 10
-29 4
-28 10
-27 10
-26 8
-25 17
-24 43
-23 31
-22 28
-21 68
-20 12
-19 28
-18 37
-17 23
-16 67
-15 17
-14 32
-13 42
-12 79
-11 203
-10 205
-9 124
-8 33
-7 19
-6 6
-5 5
-4 2
-3 7
-2 67
-1 13
0 3
1 2
2 5
3 3
4 4
6 2
7 7
8 3
9 2
10 1
11 4
12 4
13 2
14 1
15 1
16 3
17 5
19 1
20 4
21 1
22 8
23 1
24 1
25 4
26 3
28 3
29 2
30 4
33 1
34 1
36 12
37 1
39 1
40 1
41 2
42 1
43 3
46 2
47 2
48 1
50 3
51 1
52 1
54 1
56 1
57 1
64 2
71 1
77 1
81 1
82 1
84 1
105 1
124 1
126 1
219 1
278 1
289 2
291 1
9602 6
