-58109 3
-57795 1
-57748 3
-48274 2
-48021 2
-48013 4
-48012 18
-48011 3
-47989 1
-47988 4
-47975 2
-47974 2
-38421 1
-38417 3
-38416 2
-38415 4
-38414 9
-38413 6
-38412 7
-38406 1
-38405 3
-38404 4
-38403 3
-38391 2
-38379 2
-38376 2
-28826 1
-28820 13
-28819 10
-28818 3
-28817 5
-28810 6
-28809 1
-28808 1
-28782 5
-28781 1
-19248 1
-19234 1
-19233 1
-19225 16
-19224 22
-19215 2
-19201 1
-9652 1
-9650 1
-9636 1
-9635 1
-9629 11
-9627 7
-9626 21
-9610 2
-9605 2
-9601 2
-9600 1
-9486 1
-54 2
-51 2
-48 2
-46 1
-42 8
-38 9
-37 73
-35 1
-34 1
-31 20
-29 8
-28 236
-26 12
-25 38
-24 2
-23 360
-22 1
-21 19
-20 4
-19 2
-18 11
-17 3
-16 26
-15 1
-14 23
-13 3
-12 6
-11 4
-10 1
-9 6
-8 4
-7 16
-6 1
-5 5
-4 7
-2 5
-1 1
0 93
7 1
9 1
16 1
20 1
38 8
