2972|2972|0
3572|3572|0
3872|3872|0
4172|4172|0
4772|4772|0
5072|5072|0
5672|5672|0
6572|6572|0
6872|6872|0
7172|7172|0
7472|7472|0
7772|7772|0
8072|8072|0
8372|8372|0
8672|8672|0
8972|8972|0
9272|9272|0
9572|9572|0
9872|9872|0
10172|10172|0
10472|10472|0
10772|10772|0
11072|11072|0
11372|11372|0
11672|11672|0
11934|11934|0
11972|11972|0
12272|12272|0
12572|12572|0
12872|12872|0
13134|13134|0
13172|13172|0
13472|13472|0
13772|13772|0
14372|14334|-38
14672|14672|0
14972|14972|0
15272|15272|0
15534|15572|38
15572|15572|0
16172|16172|0
16472|16472|0
16734|16734|0
16772|16772|0
17672|17672|0
17934|17934|0
17972|17934|-38
18272|18272|0
18572|18572|0
18872|18872|0
19134|19172|38
19172|19172|0
19472|19472|0
19772|19772|0
20072|20072|0
20334|20372|38
20334|20372|38
20372|20372|0
20672|20672|0
20972|20972|0
21534|21534|0
21534|21534|0
21572|21534|-38
21872|12272|-9600
22172|12572|-9600
22472|12872|-9600
22734|13134|-9600
22734|13134|-9600
22734|13134|-9600
23372|13772|-9600
23672|14072|-9600
23934|14334|-9600
23934|14334|-9600
23934|14334|-9600
23972|14372|-9600
24272|14672|-9600
24572|14972|-9600
25134|15534|-9600
25134|15534|-9600
25172|15534|-9638
25472|15872|-9600
25772|16172|-9600
26072|16472|-9600
26334|16772|-9562
26334|16772|-9562
26372|16772|-9600
26672|17072|-9600
26972|17372|-9600
27272|17672|-9600
27534|17934|-9600
27534|17934|-9600
27572|17972|-9600
27872|18272|-9600
28172|18572|-9600
28472|18872|-9600
28734|19134|-9600
28734|19134|-9600
28734|19134|-9600
28772|19172|-9600
29072|19472|-9600
29362|19772|-9590
29371|19772|-9599
29671|20072|-9599
29961|20372|-9589
29970|20372|-9598
30560|30560|0
30569|30560|-9
30869|30869|0
31159|31159|0
31168|31159|-9
31468|31468|0
31768|31767|-1
32068|32067|-1
32358|32357|-1
32367|32357|-10
32667|32666|-1
32967|32966|-1
33243|33265|22
33266|33265|-1
33566|33565|-1
34156|34155|-1
34165|34155|-10
34465|34464|-1
34755|34754|-1
34764|34754|-10
35064|35063|-1
35364|35362|-2
35954|35952|-2
35963|35952|-11
36553|36551|-2
36562|36551|-11
36862|36860|-2
37152|37159|7
37161|37159|-2
37761|37759|-2
38038|38035|-3
38362|38358|-4
38662|38658|-4
38953|38948|-5
39263|39257|-6
39553|39547|-6
39562|39547|-15
40152|40146|-6
40152|40146|-6
40462|40455|-7
40752|40754|2
40761|40754|-7
41061|41054|-7
41351|41353|2
41360|41353|-7
41950|41943|-7
41959|41943|-16
42259|42252|-7
42559|42552|-7
42835|42851|16
42858|42851|-7
43158|43151|-7
43458|43451|-7
43748|43741|-7
43748|43741|-7
43757|43741|-16
44347|44340|-7
44356|44340|-16
44946|44939|-7
44946|44939|-7
44955|44939|-16
45545|45538|-7
45554|45538|-16
45854|45847|-7
46144|46146|2
46144|46146|2
46153|46146|-7
46453|46446|-7
46743|46736|-7
46752|46736|-16
47052|47045|-7
47352|47345|-7
47628|47644|16
47628|47644|16
47651|47644|-7
47951|47944|-7
47951|47944|-7
48251|48244|-7
48551|48544|-7
48851|48844|-7
48851|48844|-7
49151|49144|-7
49151|49144|-7
49451|49444|-7
49741|49734|-7
49750|49734|-16
50050|50043|-7
50340|50333|-7
50349|50333|-16
50649|50642|-7
50939|50932|-7
50948|50932|-16
51248|51241|-7
51548|51540|-8
51848|51840|-8
52148|52140|-8
52448|52439|-9
52748|52739|-9
52748|52739|-9
53048|53039|-9
53048|53039|-9
53348|53339|-9
53348|53339|-9
53648|53639|-9
53648|53639|-9
53948|53939|-9
53948|53939|-9
54248|54239|-9
54548|54539|-9
54848|54839|-9
54848|54839|-9
55148|55139|-9
55148|55139|-9
55448|55453|5
55462|55453|-9
55748|55739|-9
56048|56039|-9
56348|56338|-10
56648|56638|-10
56948|56938|-10
57248|57237|-11
57548|57537|-11
57548|57537|-11
57848|57837|-11
57848|57837|-11
58148|58137|-11
58448|58437|-11
58448|58437|-11
58748|58737|-11
58748|58737|-11
59048|59037|-11
59348|59336|-12
59648|59636|-12
59939|59926|-13
60249|60235|-14
60549|60525|-24
60849|60834|-15
61140|61124|-16
61450|61433|-17
62026|62009|-17
62049|62009|-40
62349|62332|-17
62649|62632|-17
62949|62932|-17
62949|62932|-17
63249|63232|-17
63249|63232|-17
63549|63532|-17
63549|63532|-17
63849|63832|-17
63849|63832|-17
64149|64132|-17
64149|64132|-17
64449|64432|-17
64449|64432|-17
64749|64732|-17
64749|64732|-17
65063|65032|-31
65349|65332|-17
65349|65332|-17
65649|65632|-17
65939|65922|-17
65948|65922|-26
66824|66807|-17
67148|67130|-18
67448|67430|-18
67448|67430|-18
68048|68030|-18
68048|68030|-18
68348|68330|-18
68348|68330|-18
68648|68630|-18
68648|68630|-18
68948|68930|-18
69248|69230|-18
69248|69230|-18
69548|69530|-18
69848|69830|-18
69848|69830|-18
70148|70130|-18
70148|70130|-18
70448|70430|-18
70448|70430|-18
70748|70730|-18
70748|70730|-18
71048|71030|-18
71048|71030|-18
71348|71330|-18
71348|71330|-18
71648|71630|-18
71948|71930|-18
71948|71930|-18
72248|72230|-18
72248|72230|-18
72548|72530|-18
72848|72830|-18
73148|73130|-18
73148|73130|-18
73448|73430|-18
73448|73430|-18
73748|73730|-18
73748|73730|-18
74048|74030|-18
74348|74330|-18
74648|74630|-18
74648|74630|-18
74948|74930|-18
74948|74930|-18
75248|75230|-18
75248|75230|-18
75548|75530|-18
75548|75530|-18
75848|75830|-18
75848|75830|-18
76148|76130|-18
76148|76130|-18
76448|76430|-18
76448|76430|-18
76748|76730|-18
76748|76730|-18
77048|77030|-18
77348|77330|-18
77348|77330|-18
77648|77630|-18
77948|77930|-18
77948|77930|-18
78248|78230|-18
78548|78530|-18
78848|78830|-18
78848|78830|-18
79148|79130|-18
79448|79430|-18
79448|79430|-18
79748|79730|-18
80348|80330|-18
80648|80630|-18
80648|80630|-18
80948|80930|-18
80948|80930|-18
81248|81230|-18
81248|81230|-18
81548|81530|-18
81548|81530|-18
81848|81830|-18
81848|81830|-18
82148|82130|-18
82148|82130|-18
82448|82430|-18
82748|82730|-18
82748|82730|-18
83048|83030|-18
83048|83030|-18
83212|83194|-18
83348|83330|-18
83362|83330|-32
83648|83630|-18
83648|83630|-18
84248|84230|-18
84248|84230|-18
84412|84394|-18
84548|84530|-18
84562|84530|-32
85148|85144|-4
85162|85144|-18
85748|85730|-18
86025|86006|-19
86349|86329|-20
86649|86629|-20
86649|86629|-20
86949|86929|-20
86963|86929|-34
87249|87229|-20
87249|87229|-20
87563|87529|-34
87849|87829|-20
87863|87829|-34
88013|87993|-20
88149|88129|-20
88163|88129|-34
88313|88293|-20
88449|88429|-20
88463|88429|-34
88749|88729|-20
88763|88743|-20
89049|89029|-20
89213|89193|-20
89349|89329|-20
89363|89329|-34
89649|89629|-20
89813|89793|-20
89963|89943|-20
90113|90093|-20
90249|90229|-20
90263|90243|-20
90413|90393|-20
90549|90529|-20
90563|90529|-34
90713|90693|-20
90849|90829|-20
90863|90829|-34
91013|90993|-20
91163|91143|-20
91449|91429|-20
91449|91429|-20
91613|91593|-20
91749|91729|-20
92049|92029|-20
92049|92029|-20
92213|92193|-20
92349|92329|-20
92363|92329|-34
92649|92629|-20
92663|92629|-34
92813|92793|-20
92949|92929|-20
92963|92929|-34
93113|93093|-20
93849|93829|-20
93849|93829|-20
94013|93993|-20
94163|94129|-34
94449|94429|-20
94449|94429|-20
94613|94593|-20
94763|94743|-20
94913|94893|-20
95063|95029|-34
95213|95193|-20
95349|95329|-20
95363|95329|-34
95513|95493|-20
95663|95629|-34
95813|95793|-20
95949|95929|-20
95963|95943|-20
96249|96229|-20
96413|96393|-20
96549|96529|-20
96563|96543|-20
96849|96829|-20
96849|96829|-20
97013|96993|-20
97163|97143|-20
97313|97293|-20
97449|97429|-20
97463|97429|-34
97613|97593|-20
97749|97729|-20
97763|97729|-34
97913|97893|-20
98049|98029|-20
98063|98029|-34
98213|98193|-20
98349|98329|-20
98363|98343|-20
98649|98629|-20
98649|98629|-20
98949|98929|-20
98963|98929|-34
99249|99229|-20
99413|99393|-20
99563|99529|-34
99713|99693|-20
99849|99829|-20
100149|100129|-20
100163|100129|-34
100313|100293|-20
100449|100429|-20
100463|100429|-34
100613|100593|-20
100749|100729|-20
100763|100729|-34
101049|101029|-20
101049|101029|-20
101213|101193|-20
101349|101329|-20
101363|101343|-20
101649|101629|-20
101649|101629|-20
101813|101793|-20
101949|101929|-20
101963|101929|-34
102113|102093|-20
102249|102229|-20
102413|102393|-20
102549|102529|-20
102563|102529|-34
102713|102693|-20
103013|102993|-20
103149|103129|-20
103449|103429|-20
103449|103429|-20
103613|103593|-20
104049|104029|-20
104049|104029|-20
104349|104329|-20
104663|104629|-34
104813|104793|-20
104963|104929|-34
105113|105093|-20
105249|105229|-20
105263|105229|-34
105549|105529|-20
105563|105529|-34
105849|105829|-20
105849|105829|-20
106013|105993|-20
106149|106129|-20
106163|106129|-34
106449|106429|-20
106449|106429|-20
106613|106593|-20
106749|106729|-20
106763|106729|-34
106913|106893|-20
107049|107029|-20
107063|107043|-20
107213|107193|-20
107349|107329|-20
107363|107329|-34
107513|107493|-20
107663|107643|-20
107813|107793|-20
107949|107929|-20
108249|108229|-20
108249|108229|-20
108413|108393|-20
108563|108543|-20
108849|108829|-20
108849|108829|-20
109013|108993|-20
109149|109129|-20
109163|109129|-34
109313|109293|-20
109449|109429|-20
109463|109429|-34
109749|109729|-20
110049|110029|-20
110063|110029|-34
110363|110343|-20
110649|110629|-20
110649|110629|-20
110949|110929|-20
111249|111229|-20
111249|111229|-20
111413|111393|-20
111549|111529|-20
111563|111529|-34
111713|111693|-20
111849|111829|-20
112013|111993|-20
112149|112129|-20
112163|112129|-34
112313|112293|-20
112449|112429|-20
112463|112443|-20
112613|112593|-20
112749|112729|-20
112763|112729|-34
113049|113029|-20
113213|113193|-20
113363|113343|-20
113649|113629|-20
113813|113793|-20
113963|113929|-34
114113|114093|-20
114249|114229|-20
114263|114229|-34
114413|114393|-20
114549|114529|-20
114563|114529|-34
114713|114693|-20
114849|114829|-20
115013|114993|-20
115149|115129|-20
115449|115429|-20
115449|115429|-20
115613|115593|-20
115749|115729|-20
115763|115743|-20
116049|116029|-20
116049|116029|-20
116213|116193|-20
116349|116329|-20
116513|116493|-20
116649|116629|-20
116663|116629|-34
116813|116793|-20
116963|116943|-20
117113|117093|-20
117249|117229|-20
117263|117229|-34
117413|117393|-20
117563|117529|-34
117849|117829|-20
117849|117829|-20
118013|117993|-20
118149|118129|-20
118449|118429|-20
118449|118429|-20
118749|118729|-20
118763|118729|-34
119049|119029|-20
119063|119029|-34
119213|119193|-20
119349|119329|-20
119363|119343|-20
119513|119493|-20
119663|119629|-34
120249|120229|-20
120549|120529|-20
120563|120529|-34
120849|120829|-20
121013|120993|-20
121149|121129|-20
121163|121129|-34
121313|121293|-20
121449|121429|-20
121613|121593|-20
121763|121743|-20
121913|121893|-20
122049|122029|-20
122063|122029|-34
122349|122329|-20
122363|122329|-34
122649|122629|-20
122813|122793|-20
122963|122929|-34
123249|123229|-20
123249|123229|-20
123549|123529|-20
123713|123693|-20
123863|123843|-20
124013|123993|-20
124149|124129|-20
124449|124429|-20
124463|124429|-34
124749|124729|-20
124763|124729|-34
125049|125029|-20
125049|125029|-20
125349|125329|-20
125349|125329|-20
125649|125629|-20
125649|125629|-20
125949|125929|-20
125949|125929|-20
126249|126229|-20
126249|126229|-20
126549|126529|-20
126549|126529|-20
126849|126829|-20
127149|127129|-20
127149|127129|-20
127449|127429|-20
127749|127729|-20
128025|128028|3
128048|128028|-20
128348|128328|-20
128348|128328|-20
128648|128628|-20
128648|128628|-20
128948|128928|-20
129248|129228|-20
129248|129228|-20
129548|129528|-20
129548|129528|-20
129848|129828|-20
129848|129828|-20
130148|130128|-20
130148|130128|-20
130448|130428|-20
130448|130428|-20
130748|130728|-20
131338|131318|-20
131648|131627|-21
131948|131927|-21
131962|131927|-35
132248|132227|-21
132248|132227|-21
132548|132527|-21
132548|132527|-21
132848|132827|-21
132848|132827|-21
133148|133127|-21
133448|133427|-21
133738|133717|-21
133747|133717|-30
134047|134026|-21
134338|134316|-22
134648|134625|-23
134948|134925|-23
135224|135201|-23
135247|135224|-23
135547|135524|-23
135547|135524|-23
135847|135824|-23
136147|136124|-23
136147|136124|-23
136447|136424|-23
136447|136424|-23
136747|136724|-23
136747|136724|-23
137647|137600|-47
137947|137923|-24
137947|137923|-24
138247|138223|-24
138247|138223|-24
138547|138523|-24
138847|138823|-24
138847|138823|-24
139147|139123|-24
139447|139423|-24
139447|139423|-24
139747|139723|-24
139747|139723|-24
140047|140023|-24
140047|140023|-24
140347|140323|-24
140647|140623|-24
140937|140913|-24
140946|140913|-33
141246|141222|-24
141396|141372|-24
141546|141522|-24
141560|141522|-38
141846|141822|-24
142146|142122|-24
142146|142122|-24
142746|142722|-24
143046|143022|-24
143346|143322|-24
143646|143621|-25
143946|143921|-25
144246|144221|-25
144546|144521|-25
144546|144521|-25
144846|144821|-25
144846|144821|-25
145146|145121|-25
145446|145421|-25
145446|145421|-25
145746|145721|-25
146046|146021|-25
146346|146321|-25
146346|146321|-25
146646|146621|-25
146646|146621|-25
146946|146921|-25
146946|146921|-25
147246|147221|-25
147246|147221|-25
147546|147521|-25
147846|147821|-25
148146|148121|-25
148146|148121|-25
148446|148421|-25
148446|148421|-25
148746|148721|-25
148746|148721|-25
149046|149021|-25
149046|149021|-25
149346|149321|-25
149346|149321|-25
149646|149621|-25
149646|149621|-25
150246|150221|-25
150546|150521|-25
150846|150821|-25
150846|150821|-25
151446|151421|-25
151446|151421|-25
151746|151721|-25
151746|151721|-25
152346|152321|-25
152646|152621|-25
152646|152621|-25
152946|152921|-25
152946|152921|-25
153246|153221|-25
153246|153221|-25
153546|153521|-25
153546|153521|-25
153846|153821|-25
153846|153821|-25
154146|154121|-25
154446|154421|-25
154446|154421|-25
154746|154721|-25
154746|154721|-25
155046|155021|-25
155346|155321|-25
155646|155621|-25
155646|155621|-25
155946|155921|-25
155946|155921|-25
156246|156221|-25
156546|156521|-25
156546|156521|-25
156846|156821|-25
156846|156821|-25
157146|157121|-25
157146|157121|-25
157446|157421|-25
157446|157421|-25
157746|157721|-25
158046|158021|-25
158346|158321|-25
158346|158321|-25
158646|158621|-25
158646|158621|-25
158946|158921|-25
159246|159221|-25
159246|159221|-25
159546|159521|-25
159546|159521|-25
159846|159821|-25
160146|160121|-25
160446|160421|-25
160446|160421|-25
160746|160721|-25
161046|161021|-25
161346|161321|-25
161346|161321|-25
161646|161621|-25
161646|161621|-25
161946|161921|-25
161946|161921|-25
162246|162221|-25
162246|162221|-25
162546|162521|-25
162546|162521|-25
162846|162821|-25
162846|162821|-25
163146|163121|-25
163446|163421|-25
163446|163421|-25
163610|163585|-25
163746|163721|-25
163760|163721|-39
164046|164021|-25
164046|164021|-25
164346|164321|-25
164346|164321|-25
164646|164621|-25
164646|164621|-25
164646|164621|-25
164810|164785|-25
164946|164921|-25
165246|165221|-25
165246|165221|-25
165546|165521|-25
165846|165821|-25
165846|165821|-25
165846|165821|-25
166010|165985|-25
166146|166121|-25
166446|166421|-25
166446|166421|-25
166746|166721|-25
167046|167021|-25
167046|167021|-25
167046|167021|-25
167346|167321|-25
167360|167321|-39
167646|167621|-25
167946|167921|-25
168246|168221|-25
168246|168221|-25
168246|168221|-25
168410|168385|-25
168546|168521|-25
168846|168821|-25
168846|168821|-25
169146|169121|-25
169146|169121|-25
169446|169421|-25
169446|169421|-25
169610|169585|-25
169746|169721|-25
169760|169721|-39
170046|170021|-25
170346|170321|-25
170346|170321|-25
170646|170621|-25
170646|170621|-25
170810|170785|-25
171246|171221|-25
171246|171221|-25
171546|171521|-25
171846|171821|-25
171846|171821|-25
172010|171985|-25
172146|172121|-25
172446|172421|-25
172446|172421|-25
172746|172721|-25
173046|173021|-25
173046|173021|-25
173046|173021|-25
173360|173321|-39
173646|173621|-25
173946|173921|-25
173946|173921|-25
174246|174221|-25
174246|174221|-25
174246|174221|-25
174410|174385|-25
174546|174521|-25
174560|174521|-39
174846|174821|-25
174846|174821|-25
175146|175121|-25
175146|175121|-25
175446|175421|-25
175746|175721|-25
176046|176021|-25
176046|176021|-25
176346|176321|-25
176346|176321|-25
176646|176621|-25
176646|176621|-25
176810|176785|-25
176946|176921|-25
176960|176921|-39
177246|177221|-25
177546|177521|-25
177546|177521|-25
177846|177821|-25
177846|177821|-25
177846|177821|-25
178010|177985|-25
178146|178121|-25
178446|178421|-25
178446|178421|-25
178746|178721|-25
179046|179021|-25
179046|179021|-25
179210|179185|-25
179346|179321|-25
179360|179321|-39
179646|179621|-25
179646|179621|-25
179946|179921|-25
179946|179921|-25
180246|180221|-25
180246|180221|-25
180546|180521|-25
180560|180521|-39
181146|181121|-25
181146|181121|-25
181446|181421|-25
181736|181711|-25
181736|181711|-25
181745|181711|-34
182335|182310|-25
182645|182619|-26
183222|183195|-27
183222|183195|-27
183546|183518|-28
183546|183518|-28
183846|183818|-28
184146|184118|-28
184446|184418|-28
184446|184418|-28
185046|185018|-28
185622|185594|-28
185645|185594|-51
185945|185917|-28
186245|186217|-28
186245|186217|-28
186545|186517|-28
186545|186517|-28
186845|186817|-28
186845|186817|-28
187145|187117|-28
187145|187117|-28
187445|187417|-28
188045|188017|-28
188345|188317|-28
188645|188617|-28
188935|188907|-28
188944|188907|-37
189244|189216|-28
189535|189506|-29
189845|189815|-30
190445|190415|-30
190707|190677|-30
190745|190677|-68
191045|191015|-30
191345|191315|-30
191621|191614|-7
191644|191614|-30
191944|191914|-30
191944|191914|-30
192244|192214|-30
192544|192514|-30
192821|192790|-31
192821|192790|-31
192821|192790|-31
193145|193113|-32
193145|193113|-32
193145|193113|-32
193445|193413|-32
193445|193413|-32
193445|193413|-32
193745|193713|-32
193745|193713|-32
194045|194013|-32
194045|194013|-32
194045|194013|-32
194345|194313|-32
194645|194613|-32
194945|194913|-32
195222|195189|-33
195222|195189|-33
195546|195512|-34
195546|195512|-34
195846|195812|-34
195846|195812|-34
195846|195812|-34
196146|196112|-34
196146|196112|-34
196146|196112|-34
196446|196412|-34
196446|196412|-34
196446|196412|-34
196746|196712|-34
196746|196712|-34
196746|196712|-34
197046|197012|-34
197046|197012|-34
197346|197312|-34
197346|197312|-34
197646|197612|-34
197946|197912|-34
198246|198212|-34
198536|198502|-34
198545|198502|-43
198845|198811|-34
198995|198961|-34
199145|199111|-34
199159|199111|-48
199445|199411|-34
199745|199711|-34
199745|199711|-34
200045|200011|-34
200345|200311|-34
200345|200311|-34
200945|200911|-34
201222|201187|-35
201222|201187|-35
201546|201510|-36
201546|201510|-36
201846|201810|-36
202146|202110|-36
202422|202386|-36
202422|202386|-36
202422|202386|-36
202445|202386|-59
202745|202709|-36
202745|202709|-36
203045|203009|-36
203045|203009|-36
203345|203309|-36
203345|203309|-36
203645|203609|-36
203945|203909|-36
203945|203909|-36
204245|204209|-36
204545|204509|-36
204822|204785|-37
205146|205108|-38
205446|205408|-38
205446|205408|-38
205746|205708|-38
206046|206008|-38
206346|206308|-38
206646|206608|-38
206646|206608|-38
206946|206908|-38
206946|206908|-38
207246|207208|-38
207246|207208|-38
207546|207508|-38
207846|207808|-38
208137|208098|-39
208447|208407|-40
208597|208557|-40
208747|208707|-40
208761|208707|-54
209047|209007|-40
209347|209307|-40
209347|209307|-40
209647|209607|-40
209647|209607|-40
209947|209907|-40
209947|209907|-40
210537|210497|-40
210546|210497|-49
210846|210806|-40
211136|211096|-40
211145|211096|-49
211445|211405|-40
211745|211705|-40
212021|212004|-17
212044|212004|-40
212344|212304|-40
212344|212304|-40
212644|212604|-40
212944|212904|-40
212944|212904|-40
213244|213204|-40
213244|213204|-40
213544|213504|-40
213544|213504|-40
213844|213804|-40
214135|214094|-41
214445|214403|-42
214745|214703|-42
215045|215003|-42
215345|215303|-42
215645|215603|-42
215935|215902|-33
215935|215902|-33
215944|215902|-42
216244|216202|-42
216534|216492|-42
216543|216492|-51
216843|216801|-42
217143|217100|-43
217443|217400|-43
217733|217690|-43
217733|217690|-43
217742|217690|-52
218042|217999|-43
218332|218298|-34
218341|218298|-43
218641|218598|-43
218941|218898|-43
219241|219198|-43
219503|219460|-43
219503|219460|-43
220141|220098|-43
220441|220398|-43
220703|220660|-43
220703|220660|-43
220741|220660|-81
221331|221288|-43
221340|221288|-52
221640|221597|-43
221940|221897|-43
222240|222197|-43
222502|222497|-5
222502|222497|-5
222502|222497|-5
222540|222497|-43
223130|223087|-43
223440|223396|-44
223730|223686|-44
223730|223686|-44
223730|223686|-44
223739|223686|-53
224039|223995|-44
224339|224295|-44
224639|224595|-44
224901|224895|-6
224901|224895|-6
224901|224895|-6
224939|224895|-44
225239|225195|-44
225529|225485|-44
225529|225485|-44
225538|225485|-53
225838|225794|-44
226128|226084|-44
226128|226084|-44
226128|226084|-44
226137|226084|-53
226727|226683|-44
227037|226992|-45
227327|227282|-45
227336|227282|-54
227636|227591|-45
227926|227881|-45
227926|227881|-45
227926|227881|-45
227935|227881|-54
228235|228190|-45
228535|228490|-45
228812|228766|-46
228812|228766|-46
228812|228766|-46
229136|229089|-47
229436|229389|-47
229736|229679|-57
230036|229988|-48
230326|230278|-48
230335|230278|-57
230635|230587|-48
230935|230887|-48
231235|231187|-48
231497|231487|-10
231497|231487|-10
231497|231487|-10
231535|231487|-48
231835|231787|-48
232135|232087|-48
232411|232386|-25
232434|232386|-48
232734|232686|-48
233034|232986|-48
233334|233286|-48
233634|233586|-48
233896|233886|-10
233896|233886|-10
233934|233886|-48
234234|234186|-48
234534|234486|-48
234811|234762|-49
235135|235085|-50
235435|235385|-50
235735|235685|-50
236035|235985|-50
236297|236285|-12
236297|236285|-12
236335|236285|-50
236635|236585|-50
236925|236875|-50
236925|236875|-50
236934|236875|-59
237234|237184|-50
237524|237474|-50
237524|237474|-50
237533|237474|-59
237833|237783|-50
238409|238359|-50
238409|238359|-50
238432|238359|-73
238732|238682|-50
239032|238982|-50
239332|239282|-50
239608|239581|-27
239608|239581|-27
239631|239581|-50
241070|241020|-50
241070|241020|-50
241070|241020|-50
244571|244521|-50
244571|244521|-50
244571|244521|-50
244618|244582|-36
244632|244582|-50
244632|244582|-50
244632|244582|-50
