-105 1
-99 1
-91 1
-89 1
-85 2
-84 2
-82 1
-78 2
-77 1
-76 2
-74 2
-70 1
-68 2
-66 1
-65 1
-64 1
-63 1
-62 2
-60 1
-58 1
-55 1
-51 2
-50 4
-49 2
-48 3
-47 2
-46 1
-45 5
-43 3
-42 3
-41 5
-40 6
-39 7
-38 3
-37 2
-36 3
-35 2
-34 4
-33 3
-32 1
-31 1
-30 18
-29 3
-28 7
-27 11
-26 21
-25 8
-24 25
-23 4
-22 15
-21 3
-20 58
-19 59
-18 34
-17 53
-16 48
-15 7
-14 18
-13 33
-12 26
-11 27
-10 81
-9 6
-8 38
-7 11
-6 30
-5 34
-4 85
-3 60
-2 68
-1 38
0 26
1 21
2 11
3 32
4 20
5 48
6 89
7 46
8 66
9 42
10 5
11 3
12 4
13 2
14 3
15 2
16 4
17 2
18 3
19 6
20 3
21 1
22 5
23 4
24 2
25 3
26 3
27 1
28 5
29 4
30 4
31 2
32 1
33 3
36 12
38 2
39 1
40 3
41 8
42 2
43 2
44 1
45 2
46 3
48 1
49 2
51 1
52 2
55 1
56 2
57 4
59 2
60 2
61 1
62 2
65 1
66 3
67 1
68 1
70 1
75 1
76 1
78 3
79 1
81 1
87 1
88 1
100 1
116 1
140 1
143 1
301 1
307 1
