3872|3872|0
4172|4172|0
4472|4472|0
5123|5072|-51
5371|5372|1
5971|5972|1
6571|6572|1
6871|6872|1
7148|7172|24
7472|7472|0
7772|7772|0
8072|8072|0
8372|8372|0
8696|8672|-24
8968|8972|4
9309|9272|-37
9571|9572|1
9871|9872|1
10171|10172|1
10471|10472|1
10733|10772|39
10771|10772|1
11066|11072|6
11371|11372|1
11671|11672|1
12271|12272|1
12571|12572|1
12871|12872|1
13115|13134|19
13171|13172|1
13471|13472|1
13771|13772|1
14071|14072|1
14333|14334|1
14371|14372|1
14671|14672|1
15271|15272|1
15538|15534|-4
15571|15572|1
15871|15872|1
16171|16172|1
16471|16472|1
16733|16772|39
16771|16772|1
17071|17072|1
17371|17372|1
17671|17672|1
17933|17934|1
17971|17934|-37
18238|18272|34
18580|18572|-8
18871|18872|1
19133|19172|39
19171|19172|1
19470|19472|2
19770|19772|2
20070|20072|2
20323|20334|11
20332|20334|2
20332|20334|2
20341|20334|-7
20711|20672|-39
20969|20972|3
21269|21272|3
21531|21534|3
21531|21534|3
21531|21534|3
21569|21572|3
21869|21872|3
22169|22172|3
22469|22472|3
22731|22734|3
22731|22734|3
22731|22734|3
22769|22772|3
23069|23072|3
23369|23372|3
23735|23672|-63
23932|23934|2
23932|23934|2
23932|23934|2
24321|24272|-49
24569|24572|3
24869|24872|3
25131|25172|41
25131|25172|41
25131|25172|41
25169|25172|3
25478|25472|-6
25769|25772|3
26069|26072|3
26331|26334|3
26331|26334|3
26331|26334|3
26669|26672|3
26969|26972|3
27269|27272|3
27531|27572|41
27531|27572|41
27531|27572|41
27569|27572|3
27869|27872|3
28169|28172|3
28469|28472|3
28732|28734|2
28732|28734|2
28732|28734|2
28774|28772|-2
29069|29072|3
29359|29362|3
29368|29362|-6
29668|29671|3
29958|29961|3
29967|29961|-6
30267|30270|3
30557|30560|3
30566|30560|-6
30866|30869|3
31156|31159|3
31165|31159|-6
31470|31468|-2
31755|31767|12
31764|31767|3
32064|32067|3
32355|32357|2
32664|32666|2
32964|32966|2
33231|33265|34
33264|33265|1
33564|33565|1
33564|33565|1
33864|33865|1
34154|34155|1
34163|34155|-8
34449|34464|15
34753|34754|1
34762|34754|-8
35352|35353|1
35361|35353|-8
35661|35662|1
35951|35952|1
35960|35952|-8
36260|36261|1
36541|36551|10
36550|36551|1
36860|36860|0
37094|37159|65
37150|37159|9
37460|37459|-1
37779|37759|-20
38036|38058|22
38059|38058|-1
38359|38358|-1
38359|38358|-1
38659|38658|-1
38949|38948|-1
38949|38948|-1
38958|38948|-10
39258|39257|-1
39558|39547|-11
39586|39547|-39
39858|39856|-2
40148|40146|-2
40148|40146|-2
40157|40146|-11
40457|40455|-2
40747|40745|-2
40756|40745|-11
41093|41054|-39
41318|41344|26
41346|41344|-2
41355|41344|-11
41655|41653|-2
41945|41943|-2
41954|41943|-11
42253|42252|-1
42553|42552|-1
42829|42851|22
42852|42851|-1
42852|42851|-1
43152|43151|-1
43152|43151|-1
43452|43451|-1
43742|43741|-1
43742|43741|-1
43751|43741|-10
44051|44050|-1
44341|44340|-1
44350|44340|-10
44650|44649|-1
44917|44939|22
44950|44939|-11
45250|45248|-2
45540|45538|-2
45549|45538|-11
45849|45847|-2
46079|46146|67
46140|46146|6
46140|46146|6
46450|46446|-4
46740|46736|-4
46749|46736|-13
47049|47045|-4
47349|47345|-4
47625|47644|19
47625|47644|19
47648|47644|-4
47948|47944|-4
47948|47944|-4
48248|48244|-4
48248|48244|-4
48548|48544|-4
48548|48544|-4
48843|48844|1
48848|48844|-4
49148|49144|-4
49148|49144|-4
49448|49444|-4
49738|49734|-4
49747|49734|-13
50047|50043|-4
50305|50333|28
50328|50333|5
50647|50642|-5
50937|50932|-5
50946|50932|-14
51246|51241|-5
51536|51531|-5
51545|51531|-14
51845|51840|-5
52187|52140|-47
52421|52439|18
52444|52439|-5
52744|52739|-5
52744|52739|-5
53044|53039|-5
53044|53039|-5
53335|53339|4
53354|53339|-15
53644|53639|-5
53667|53639|-28
53944|53939|-5
53944|53939|-5
54244|54239|-5
54244|54239|-5
54544|54539|-5
54544|54539|-5
54844|54839|-5
54844|54839|-5
55144|55139|-5
55444|55453|9
55458|55453|-5
55743|55739|-4
55766|55739|-27
56043|56039|-4
56343|56338|-5
56381|56338|-43
56944|56938|-6
57263|57237|-26
57263|57237|-26
57544|57537|-7
57544|57537|-7
57844|57837|-7
57844|57837|-7
58144|58137|-7
58163|58137|-26
58444|58437|-7
58444|58437|-7
58744|58737|-7
58744|58737|-7
59044|59037|-7
59334|59327|-7
59343|59327|-16
59643|59636|-7
59933|59926|-7
59942|59926|-16
60242|60235|-7
60532|60525|-7
60541|60525|-16
60841|60834|-7
61131|61124|-7
61140|61124|-16
61440|61433|-7
61740|61733|-7
62016|62009|-7
62039|62009|-30
62339|62332|-7
62339|62332|-7
62663|62632|-31
62939|62932|-7
62939|62932|-7
63178|63232|54
63187|63232|45
63520|63532|12
63539|63532|-7
63839|63832|-7
63858|63832|-26
64139|64132|-7
64139|64132|-7
64439|64432|-7
64439|64432|-7
64739|64732|-7
64739|64732|-7
65039|65032|-7
65147|65032|-115
65339|65332|-7
65339|65332|-7
65639|65632|-7
65929|65922|-7
65938|65922|-16
66238|66231|-7
66538|66531|-7
66814|66830|16
66837|66830|-7
67137|67130|-7
67137|67130|-7
67437|67430|-7
67437|67430|-7
67737|67730|-7
67737|67730|-7
68037|68030|-7
68037|68030|-7
68337|68330|-7
68337|68330|-7
68637|68630|-7
68637|68630|-7
68937|68930|-7
68937|68930|-7
69237|69230|-7
69237|69230|-7
69537|69530|-7
69813|69830|17
69836|69830|-6
70136|70130|-6
70141|70130|-11
70436|70430|-6
70736|70730|-6
70736|70730|-6
71036|71030|-6
71036|71030|-6
71336|71330|-6
71336|71330|-6
71636|71630|-6
71636|71630|-6
71936|71930|-6
72236|72230|-6
72236|72230|-6
72517|72530|13
72536|72530|-6
72836|72830|-6
72836|72830|-6
73136|73130|-6
73436|73430|-6
73436|73430|-6
73736|73730|-6
73736|73730|-6
74036|74030|-6
74036|74030|-6
74336|74330|-6
74336|74330|-6
74636|74630|-6
74636|74630|-6
74936|74930|-6
74936|74930|-6
75236|75230|-6
75236|75230|-6
75536|75530|-6
75536|75530|-6
75836|75830|-6
75887|75830|-57
76135|76130|-5
76135|76130|-5
76435|76430|-5
76435|76430|-5
76735|76730|-5
76735|76730|-5
77035|77030|-5
77035|77030|-5
77335|77330|-5
77335|77330|-5
77935|77930|-5
78234|78230|-4
78257|78230|-27
78534|78530|-4
78534|78530|-4
78834|78830|-4
78834|78830|-4
79134|79130|-4
79434|79430|-4
79734|79730|-4
79734|79730|-4
80010|80030|20
80033|80030|-3
80333|80330|-3
80333|80330|-3
80633|80630|-3
80633|80630|-3
80933|80930|-3
80933|80930|-3
81233|81230|-3
81233|81230|-3
81533|81530|-3
81533|81530|-3
81800|81830|30
81875|81830|-45
82133|82130|-3
82133|82130|-3
82433|82430|-3
82433|82430|-3
82732|82730|-2
82741|82730|-11
83032|83030|-2
83032|83030|-2
83196|83194|-2
83271|83330|59
83346|83330|-16
83632|83630|-2
83632|83630|-2
83932|83930|-2
83932|83930|-2
84232|84230|-2
84396|84394|-2
84527|84530|3
84546|84530|-16
84832|84830|-2
84832|84830|-2
85132|85144|12
85146|85144|-2
85432|85430|-2
85732|85730|-2
86008|86006|-2
86031|86029|-2
86331|86329|-2
86331|86329|-2
86631|86629|-2
86631|86629|-2
86795|86793|-2
86931|86929|-2
86945|86929|-16
87230|87229|-1
87230|87229|-1
87394|87393|-1
87492|87529|37
87694|87693|-1
87830|87829|-1
87844|87829|-15
87994|87993|-1
88130|88129|-1
88144|88129|-15
88294|88293|-1
88430|88429|-1
88444|88429|-15
88594|88593|-1
88730|88729|-1
88744|88729|-15
89030|89029|-1
89194|89193|-1
89316|89329|13
89330|89329|-1
89630|89629|-1
89794|89793|-1
89930|89929|-1
89944|89929|-15
90080|90093|13
90230|90229|-1
90244|90229|-15
90525|90529|4
90530|90529|-1
90544|90529|-15
90698|90693|-5
90824|90829|5
90843|90829|-14
91082|91129|47
91129|91129|0
91143|91143|0
91429|91429|0
91429|91429|0
91593|91593|0
91729|91729|0
91743|91729|-14
92029|92029|0
92029|92029|0
92132|92193|61
92305|92329|24
92343|92329|-14
92493|92493|0
92610|92629|19
92629|92629|0
92792|92793|1
92904|92929|25
92927|92929|2
93091|93093|2
93241|93229|-12
93241|93229|-12
93414|93393|-21
93526|93529|3
93573|93529|-44
93826|93829|3
93826|93829|3
94126|94129|3
94140|94129|-11
94426|94429|3
94426|94429|3
94590|94593|3
94726|94729|3
94740|94729|-11
95026|95029|3
95040|95029|-11
95190|95193|3
95326|95329|3
95340|95329|-11
95490|95493|3
95626|95629|3
95640|95629|-11
95790|95793|3
95926|95929|3
95940|95929|-11
96226|96229|3
96226|96229|3
96348|96393|45
96526|96529|3
96540|96529|-11
96784|96829|45
96826|96829|3
96990|96993|3
97126|97129|3
97290|97293|3
97426|97429|3
97440|97429|-11
97590|97593|3
97726|97729|3
97740|97729|-11
97890|97893|3
98026|98029|3
98040|98029|-11
98190|98193|3
98326|98329|3
98340|98329|-11
98626|98629|3
98626|98629|3
98790|98793|3
98916|98929|13
98939|98929|-10
99225|99229|4
99225|99229|4
99436|99393|-43
99525|99529|4
99539|99529|-10
99689|99693|4
99815|99829|14
99838|99829|-9
99988|99993|5
100166|100129|-37
100171|100129|-42
100288|100293|5
100410|100443|33
100438|100443|5
100588|100593|5
100724|100729|5
100738|100743|5
101024|101029|5
101024|101029|5
101169|101193|24
101324|101329|5
101338|101343|5
101624|101629|5
101624|101629|5
101788|101793|5
101938|101943|5
101990|101943|-47
102088|102093|5
102224|102229|5
102238|102229|-9
102388|102393|5
102524|102529|5
102538|102529|-9
102688|102693|5
102824|102829|5
102838|102829|-9
102988|102993|5
103124|103129|5
103138|103129|-9
103424|103429|5
103424|103429|5
103588|103593|5
103724|103729|5
103738|103729|-9
104024|104029|5
104029|104029|0
104188|104193|5
104324|104329|5
104338|104329|-9
104488|104493|5
104638|104629|-9
104685|104629|-56
104788|104793|5
104924|104929|5
104938|104929|-9
105088|105093|5
105224|105229|5
105238|105229|-9
105388|105393|5
105529|105529|0
105538|105529|-9
105824|105829|5
105824|105829|5
105988|105993|5
106124|106129|5
106124|106129|5
106424|106429|5
106424|106429|5
106588|106593|5
106724|106729|5
106738|106743|5
106888|106893|5
107024|107029|5
107038|107029|-9
107188|107193|5
107324|107329|5
107338|107329|-9
107488|107493|5
107638|107629|-9
107666|107629|-37
107788|107793|5
107924|107929|5
108224|108229|5
108224|108229|5
108388|108393|5
108524|108529|5
108538|108529|-9
108824|108829|5
108824|108829|5
108988|108993|5
109105|109129|24
109227|109293|66
109283|109293|10
109424|109429|5
109438|109429|-9
109587|109593|6
109737|109729|-8
109746|109729|-17
109887|109893|6
110023|110029|6
110037|110029|-8
110187|110193|6
110337|110343|6
110360|110343|-17
110623|110629|6
110637|110629|-8
110787|110793|6
110923|110929|6
110937|110929|-8
111223|111229|6
111223|111229|6
111387|111393|6
111523|111529|6
111687|111693|6
111809|111829|20
111837|111829|-8
111987|111993|6
112123|112129|6
112137|112143|6
112287|112293|6
112422|112429|7
112478|112429|-49
112534|112593|59
112722|112729|7
112736|112729|-7
113022|113029|7
113022|113029|7
113186|113193|7
113322|113329|7
113336|113329|-7
113580|113629|49
113622|113629|7
113786|113793|7
113922|113929|7
113936|113929|-7
114100|114093|-7
114222|114229|7
114236|114229|-7
114386|114393|7
114522|114529|7
114536|114529|-7
114686|114693|7
114822|114829|7
114836|114829|-7
114986|114993|7
115122|115129|7
115136|115143|7
115422|115429|7
115422|115429|7
115586|115593|7
115722|115729|7
115736|115729|-7
116022|116029|7
116022|116029|7
116186|116193|7
116322|116329|7
116420|116493|73
116622|116629|7
116636|116629|-7
116786|116793|7
116922|116929|7
116936|116929|-7
117086|117093|7
117222|117229|7
117236|117243|7
117386|117393|7
117523|117529|6
117561|117529|-32
117763|117829|66
117988|117993|5
118138|118129|-9
118157|118129|-28
118424|118429|5
118424|118429|5
118588|118593|5
118724|118729|5
118738|118729|-9
118888|118893|5
119024|119029|5
119038|119029|-9
119324|119329|5
119338|119329|-9
119488|119493|5
119619|119629|10
119624|119629|5
119788|119793|5
119924|119929|5
119938|119929|-9
120224|120229|5
120224|120229|5
120388|120393|5
120524|120529|5
120538|120529|-9
120824|120829|5
120824|120829|5
120988|120993|5
121124|121129|5
121138|121129|-9
121288|121293|5
121424|121429|5
121438|121429|-9
121588|121593|5
121724|121729|5
121738|121729|-9
121888|121893|5
122029|122029|0
122038|122029|-9
122235|122193|-42
122324|122329|5
122338|122329|-9
122624|122629|5
122624|122629|5
122830|122793|-37
122924|122929|5
122938|122929|-9
123224|123229|5
123224|123229|5
123388|123393|5
123524|123529|5
123538|123529|-9
123730|123693|-37
123824|123829|5
123838|123829|-9
123988|123993|5
124119|124129|10
124288|124293|5
124424|124429|5
124471|124429|-42
124593|124593|0
124724|124729|5
124738|124743|5
125014|125029|15
125023|125029|6
125285|125329|44
125623|125629|6
125923|125929|6
125923|125929|6
126223|126229|6
126223|126229|6
126523|126529|6
126523|126529|6
126799|126829|30
126822|126829|7
127122|127129|7
127422|127429|7
127722|127729|7
127952|137600|9648
128022|137600|9578
128322|137923|9601
128322|137923|9601
128622|138223|9601
128622|138223|9601
128922|138523|9601
128922|138523|9601
129189|138823|9634
129222|138823|9601
129522|139123|9601
129522|139123|9601
129822|139423|9601
130122|139723|9601
130422|140023|9601
130422|140023|9601
130722|140323|9601
130722|140323|9601
131022|140623|9601
131312|140913|9601
131321|140913|9592
131621|141222|9601
131799|141372|9573
131921|141522|9601
131935|141522|9587
132155|141822|9667
132221|141822|9601
132507|142122|9615
132521|142122|9601
132821|142422|9601
133121|142722|9601
133121|142722|9601
133421|143022|9601
133711|143322|9611
133720|143322|9602
134053|143621|9568
134311|143921|9610
134320|143921|9601
134620|144221|9601
134920|144521|9601
135098|144821|9723
135220|144821|9601
135520|135524|4
135820|135824|4
135820|135824|4
136120|136124|4
136120|136124|4
136420|136424|4
136420|136424|4
136720|136724|4
136720|136724|4
137020|137024|4
137320|137324|4
137596|137623|27
137619|137623|4
137919|137923|4
137919|137923|4
138219|138223|4
138219|138223|4
138519|138523|4
138519|138523|4
138819|138823|4
138819|138823|4
139119|139123|4
139119|139123|4
139419|139423|4
139452|139423|-29
139720|139723|3
139790|139723|-67
140020|140023|3
140020|140023|3
140320|140323|3
140320|140323|3
140620|140623|3
140910|140913|3
140919|140913|-6
141219|141222|3
141369|141372|3
141519|141522|3
141533|141522|-11
141819|141822|3
141819|141822|3
142119|142122|3
142119|142122|3
142418|142422|4
142427|142422|-5
142717|142722|5
142740|142722|-18
143017|143022|5
143317|143322|5
143523|143621|98
143617|143621|4
143917|143921|4
143917|143921|4
144217|144221|4
144217|144221|4
144517|144521|4
144517|144521|4
144817|144821|4
144817|144821|4
144817|144821|4
145417|145421|4
145417|145421|4
145717|145721|4
145754|145721|-33
145932|146021|89
145998|146021|23
146292|146321|29
146315|146321|6
146615|146621|6
146615|146621|6
146915|146921|6
146915|146921|6
147215|147221|6
147215|147221|6
147515|147521|6
147515|147521|6
147815|147821|6
147815|147821|6
148115|148121|6
148115|148121|6
148415|148421|6
148415|148421|6
148715|148721|6
148715|148721|6
149015|149021|6
149314|149321|7
149337|149321|-16
149614|149621|7
149614|149621|7
149914|149921|7
149914|149921|7
150214|150221|7
150214|150221|7
150514|150521|7
150514|150521|7
150814|150821|7
150814|150821|7
151114|151121|7
151114|151121|7
151367|151421|54
151414|151421|7
151714|151721|7
151714|151721|7
152014|152021|7
152014|152021|7
152314|152321|7
152314|152321|7
152614|152621|7
152614|152621|7
152914|152921|7
152914|152921|7
153214|153221|7
153214|153221|7
153514|153521|7
153514|153521|7
153814|153821|7
153814|153821|7
154114|154121|7
154114|154121|7
154414|154421|7
154433|154421|-12
154714|154721|7
154714|154721|7
155014|155021|7
155014|155021|7
155314|155321|7
155314|155321|7
155614|155621|7
155614|155621|7
155914|155921|7
155914|155921|7
156214|156221|7
156228|156221|-7
156514|156521|7
156514|156521|7
156814|156821|7
156814|156821|7
157114|157121|7
157114|157121|7
157114|157421|307
157413|157421|8
157713|157721|8
158013|158021|8
158013|158021|8
158294|158321|27
158313|158321|8
158613|158621|8
158913|158921|8
158913|158921|8
159213|159221|8
159213|159221|8
159433|159521|88
159546|159521|-25
159813|159821|8
159813|159821|8
160113|160121|8
160113|160121|8
160413|160421|8
160450|160421|-29
160712|160721|9
160712|160721|9
161012|161021|9
161012|161021|9
161312|161321|9
161312|161321|9
161611|161621|10
161611|161621|10
161873|161921|48
161911|161921|10
162211|162221|10
162511|162521|10
162511|162521|10
162811|162821|10
162811|162821|10
163111|163121|10
163111|163121|10
163411|163421|10
163411|163421|10
163575|163585|10
163711|163721|10
163725|163721|-4
164011|164021|10
164011|164021|10
164311|164321|10
164311|164321|10
164611|164621|10
164611|164621|10
164775|164785|10
164911|164921|10
164916|164921|5
165211|165221|10
165211|165221|10
165497|165521|24
165511|165521|10
165778|165821|43
165811|165821|10
165811|165821|10
165975|165985|10
166120|166121|1
166125|166121|-4
166411|166421|10
166411|166421|10
166711|166721|10
166711|166721|10
167011|167021|10
167011|167021|10
167011|167021|10
167175|167185|10
167325|167321|-4
167330|167321|-9
167611|167621|10
167677|167621|-56
167911|167921|10
167911|167921|10
168210|168221|11
168210|168221|11
168210|168221|11
168322|168385|63
168510|168521|11
168524|168521|-3
168810|168821|11
168810|168821|11
169109|169121|12
169109|169121|12
169357|169421|64
169409|169421|12
169409|169421|12
169573|169585|12
169709|169721|12
169723|169721|-2
170009|170021|12
170009|170021|12
170309|170321|12
170328|170321|-7
170609|170621|12
170609|170621|12
170609|170621|12
170773|170785|12
170923|170935|12
170928|170935|7
171209|171221|12
171509|171521|12
171509|171521|12
171809|171821|12
171809|171821|12
171809|171821|12
171973|171985|12
172109|172121|12
172123|172121|-2
172409|172421|12
172409|172421|12
172709|172721|12
172709|172721|12
173009|173021|12
173009|173021|12
173009|173021|12
173173|173185|12
173309|173321|12
173323|173321|-2
173609|173621|12
173623|173621|-2
173909|173921|12
173909|173921|12
174209|174221|12
174209|174221|12
174401|174385|-16
174467|174521|54
174523|174521|-2
174809|174821|12
174809|174821|12
175109|175121|12
175109|175121|12
175409|175421|12
175409|175421|12
175573|175585|12
175723|175721|-2
175770|175721|-49
176009|176021|12
176009|176021|12
176009|176021|12
176299|176321|22
176308|176321|13
176608|176621|13
176608|176621|13
176608|176621|13
176908|176921|13
176922|176921|-1
177208|177221|13
177208|177221|13
177508|177521|13
177508|177521|13
177780|177821|41
177808|177821|13
177808|177821|13
177972|177985|13
178108|178121|13
178122|178121|-1
178408|178421|13
178450|178421|-29
178708|178721|13
178708|178721|13
178938|179021|83
179004|179021|17
179009|179021|12
179173|179185|12
179309|179321|12
179323|179321|-2
179590|179621|31
179618|179621|3
179909|179921|12
179909|179921|12
180209|180221|12
180209|180221|12
180373|180385|12
180509|180521|12
180523|180521|-2
180790|180821|31
180809|180821|12
181109|181121|12
181165|181121|-44
181409|181421|12
181699|181711|12
181699|181711|12
181699|181711|12
181708|181711|3
182008|182020|12
182298|182310|12
182307|182310|3
182607|182619|12
182907|182919|12
183183|183195|12
183183|183195|12
183183|183195|12
183206|183195|-11
183506|183518|12
183506|183518|12
183806|183818|12
183806|183818|12
184106|184118|12
184106|184118|12
184406|184418|12
184406|184418|12
184706|184718|12
184706|184718|12
185006|185018|12
185306|185318|12
185582|185594|12
185605|185617|12
185905|185917|12
185905|185917|12
186205|186217|12
186205|186217|12
186496|186517|21
186787|186817|30
186806|186817|11
187106|187117|11
187500|187417|-83
187706|187717|11
188006|188017|11
188268|188317|49
188306|188317|11
188606|188617|11
188883|188907|24
189207|189216|9
189497|189506|9
189506|189506|0
189726|189815|89
190106|190115|9
190406|190415|9
190668|190715|47
190668|190715|47
190706|190715|9
191006|191015|9
191283|191315|32
191583|191614|31
191606|191614|8
191906|191914|8
191906|191914|8
192239|192214|-25
192506|192514|8
192782|192790|8
192782|192790|8
192796|192790|-6
192805|192790|-15
193105|193113|8
193105|193113|8
193405|193413|8
193405|193413|8
193405|193413|8
193635|193713|78
193644|193713|69
193705|193713|8
194005|194013|8
194005|194013|8
194005|194013|8
194305|194313|8
194305|194313|8
194305|194313|8
194605|194613|8
194905|194913|8
195135|195212|77
195182|195212|30
195206|195212|6
195473|195512|39
195506|195512|6
195506|195512|6
195806|195812|6
195806|195812|6
195806|195812|6
196106|196112|6
196106|196112|6
196134|196112|-22
196406|196412|6
196406|196412|6
196706|196712|6
196720|196712|-8
196996|197012|16
197005|197012|7
197005|197012|7
197305|197312|7
197305|197312|7
197605|197612|7
197605|197612|7
197905|197912|7
197919|197912|-7
198205|198212|7
198495|198502|7
198504|198502|-2
198804|198811|7
198954|198961|7
199104|199111|7
199118|199111|-7
199404|199411|7
199404|199411|7
199704|199711|7
199704|199711|7
200004|200011|7
200004|200011|7
200304|200311|7
200304|200311|7
200604|200611|7
200904|200911|7
201181|201187|6
201181|201187|6
201505|201510|5
201805|201810|5
202105|202110|5
202382|202386|4
202382|202386|4
202382|202386|4
202706|202709|3
202706|202709|3
203006|203009|3
203039|203009|-30
203306|203309|3
203306|203309|3
203606|203609|3
203606|203609|3
203906|203909|3
203906|203909|3
204206|204209|3
204506|204509|3
204782|204808|26
204801|204808|7
205106|205108|2
205106|205108|2
205406|205408|2
205439|205408|-31
205706|205708|2
205706|205708|2
206006|206008|2
206306|206308|2
206306|206308|2
206606|206608|2
206672|206608|-64
206906|206908|2
206906|206908|2
207192|207208|16
207206|207208|2
207506|207508|2
207506|207508|2
207806|207808|2
208097|208098|1
208407|208407|0
208557|208557|0
208707|208707|0
208721|208707|-14
209007|209007|0
209307|209307|0
209307|209307|0
209607|209607|0
209635|209607|-28
209907|209907|0
209907|209907|0
210207|210207|0
210497|210497|0
210506|210497|-9
210806|210806|0
211096|211096|0
211105|211096|-9
211405|211405|0
211705|211705|0
211921|212004|83
212005|212004|-1
212305|212304|-1
212305|212304|-1
212605|212604|-1
212605|212604|-1
212905|212904|-1
212905|212904|-1
213205|213204|-1
213205|213204|-1
213505|213504|-1
213505|213504|-1
213805|213804|-1
214096|214094|-2
214096|214094|-2
214406|214403|-3
214706|214703|-3
215006|215003|-3
215268|215265|-3
215268|215265|-3
215306|215265|-41
215606|215603|-3
215896|215893|-3
215896|215893|-3
215905|215893|-12
216214|216202|-12
216495|216492|-3
216495|216492|-3
216504|216492|-12
216804|216801|-3
217094|217091|-3
217103|217091|-12
217403|217400|-3
217675|217690|15
217694|217690|-4
217703|217690|-13
218293|218289|-4
218302|218289|-13
218611|218598|-13
218902|218898|-4
219202|219198|-4
219464|219460|-4
219464|219460|-4
219502|219460|-42
219802|219798|-4
220102|220098|-4
220421|220398|-23
220651|220660|9
220665|220660|-5
220745|220660|-85
221003|220998|-5
221293|221297|4
221302|221297|-5
221602|221597|-5
221902|221897|-5
222141|222197|56
222464|222459|-5
222464|222459|-5
222464|222459|-5
222502|222459|-43
222801|222797|-4
223096|223087|-9
223115|223087|-28
223401|223396|-5
223691|223686|-5
223691|223686|-5
223691|223686|-5
223700|223686|-14
224000|223995|-5
224300|224295|-5
224862|224857|-5
224862|224857|-5
224862|224857|-5
224900|224857|-43
225200|225195|-5
225486|225485|-1
225491|225485|-6
225491|225485|-6
225500|225485|-15
225800|225794|-6
226090|226084|-6
226090|226084|-6
226090|226084|-6
226099|226084|-15
226399|226393|-6
226689|226683|-6
226698|226683|-15
227288|227282|-6
227288|227282|-6
227297|227282|-15
227302|227282|-20
227596|227591|-5
227596|227881|285
227886|227881|-5
227895|227881|-14
227909|227881|-28
228195|228190|-5
228495|228490|-5
228772|228766|-6
228772|228766|-6
228795|228766|-29
229095|229089|-6
229095|229089|-6
229395|229389|-6
229685|229679|-6
229685|229679|-6
229694|229679|-15
229994|229988|-6
230284|230278|-6
230293|230278|-15
230593|230587|-6
230893|230887|-6
231193|231187|-6
231455|231449|-6
231455|231449|-6
231455|231449|-6
231493|231449|-44
232351|232363|12
232393|232363|-30
232693|232686|-7
232693|232686|-7
232993|232986|-7
233306|233286|-20
233568|233586|18
233854|233848|-6
233859|233848|-11
233925|233848|-77
234192|234186|-6
234492|234486|-6
234768|234785|17
234791|234785|-6
235091|235085|-6
235091|235085|-6
235391|235385|-6
235733|235685|-48
236253|236247|-6
236253|236247|-6
236291|236247|-44
236591|236585|-6
236881|236875|-6
236881|236875|-6
236890|236875|-15
237190|237184|-6
237480|237474|-6
237480|237474|-6
237489|237474|-15
237789|237783|-6
238089|238083|-6
238305|238382|77
238366|238382|16
238394|238382|-12
238689|238682|-7
238689|238682|-7
238989|238982|-7
239289|239282|-7
239565|239581|16
239565|239581|16
239588|239581|-7
241004|241020|16
241027|241020|-7
241027|241020|-7
244528|244521|-7
244528|244521|-7
244575|244521|-54
244589|244582|-7
244589|244582|-7
244589|244582|-7
