-115 1
-85 1
-83 1
-77 1
-67 1
-64 1
-63 1
-57 1
-56 2
-54 1
-51 1
-49 3
-48 1
-47 2
-45 1
-44 4
-43 4
-42 4
-41 1
-39 3
-37 6
-33 1
-32 1
-31 2
-30 3
-29 4
-28 5
-27 2
-26 4
-25 2
-24 1
-23 1
-22 1
-21 1
-20 3
-18 1
-17 2
-16 10
-15 17
-14 8
-13 5
-12 8
-11 23
-10 5
-9 34
-8 11
-7 87
-6 85
-5 57
-4 41
-3 29
-2 47
-1 54
0 38
1 48
2 31
3 101
4 48
5 108
6 60
7 110
8 35
9 15
10 43
11 13
12 90
13 20
14 1
15 3
16 7
17 3
18 2
19 4
20 2
21 1
22 4
23 1
24 6
25 1
26 2
27 2
28 1
29 1
30 4
31 3
32 1
33 1
34 2
37 1
39 4
41 7
43 1
44 1
45 3
47 3
48 1
49 2
54 3
56 1
59 2
61 1
63 1
64 1
65 1
66 2
67 1
69 1
73 1
77 2
78 1
83 2
88 1
89 2
98 1
285 1
307 1
9568 1
9573 1
9578 1
9587 1
9592 1
9601 29
9602 1
9610 1
9611 1
9615 1
9634 1
9648 1
9667 1
9723 1
