-9684 1
-9666 1
-9638 2
-9614 1
-9610 1
-9601 6
-9600 24
-9586 1
-9562 1
-116 1
-101 2
-93 1
-88 2
-87 2
-82 3
-78 1
-77 4
-74 3
-73 1
-71 2
-70 1
-67 1
-64 1
-63 3
-60 1
-59 1
-57 2
-56 2
-54 3
-53 1
-51 4
-49 5
-47 1
-46 3
-45 1
-44 4
-43 3
-42 2
-41 2
-40 3
-39 1
-38 3
-37 3
-36 1
-35 4
-34 1
-33 1
-32 7
-31 3
-30 3
-29 2
-28 7
-27 6
-26 5
-25 13
-24 12
-23 27
-22 14
-21 18
-20 9
-19 5
-18 36
-17 50
-16 23
-15 57
-14 92
-13 26
-12 29
-11 40
-10 39
-9 144
-8 118
-7 265
-6 87
-5 40
-4 7
-3 3
-2 4
-1 32
0 37
1 2
2 2
3 2
4 2
5 4
6 4
7 6
8 3
9 3
10 3
11 1
12 2
13 1
14 2
15 5
16 5
17 3
18 3
19 1
20 1
21 1
24 1
25 2
26 2
27 1
29 3
30 6
31 1
32 2
33 1
34 1
35 2
37 1
38 8
40 1
41 1
44 2
47 1
49 3
52 2
55 2
57 1
59 3
64 1
66 1
68 1
73 1
87 1
89 1
98 1
292 1
293 1
9555 1
9564 1
9587 6
9588 1
9611 1
