-130 1
-124 1
-113 1
-110 1
-105 1
-104 1
-101 1
-93 2
-92 1
-88 1
-87 3
-86 1
-84 1
-79 1
-74 1
-69 2
-68 1
-65 1
-64 1
-60 3
-59 2
-57 2
-55 2
-54 3
-53 1
-51 1
-49 7
-48 1
-47 3
-44 5
-43 4
-42 3
-41 2
-40 4
-39 2
-37 6
-36 4
-35 2
-34 3
-33 2
-32 5
-31 11
-30 11
-29 9
-28 5
-27 22
-26 24
-25 10
-24 10
-23 2
-22 6
-21 39
-20 32
-19 15
-18 32
-17 55
-16 54
-15 35
-14 33
-13 66
-12 56
-11 33
-10 45
-9 9
-8 29
-7 46
-6 43
-5 24
-4 39
-3 31
-2 26
-1 49
0 53
1 55
2 44
3 33
4 28
5 12
6 35
7 96
8 48
9 10
10 34
11 3
12 5
13 4
14 5
15 1
16 3
17 5
18 2
19 6
20 4
21 7
22 2
24 1
26 5
27 3
28 1
29 1
30 2
31 5
32 2
33 2
34 2
35 4
37 1
38 9
39 3
40 2
41 5
42 2
43 1
44 2
45 4
48 3
50 1
51 2
52 1
57 2
58 1
62 1
67 1
69 1
71 1
73 1
76 1
80 1
82 2
84 2
88 1
94 2
96 1
109 1
110 2
130 1
132 1
9572 1
