-81 2
-72 1
-68 2
-67 2
-65 1
-64 1
-62 1
-59 2
-58 1
-57 1
-56 1
-55 2
-53 1
-52 3
-51 3
-50 1
-49 4
-47 5
-46 1
-45 2
-44 1
-43 2
-42 1
-41 2
-39 1
-38 4
-37 2
-36 3
-35 3
-33 3
-32 3
-31 5
-30 3
-29 3
-28 3
-27 2
-26 6
-25 5
-24 35
-23 47
-22 49
-21 43
-20 24
-19 17
-18 15
-17 13
-16 7
-15 6
-14 7
-13 23
-12 49
-11 68
-10 71
-9 59
-8 31
-7 28
-6 52
-5 70
-4 46
-3 66
-2 81
-1 43
0 34
1 19
2 5
4 2
5 2
6 6
7 2
8 2
9 2
10 2
11 1
13 2
14 1
15 1
16 4
17 3
19 2
20 3
21 3
22 2
24 1
25 2
27 2
28 2
29 5
30 1
31 1
35 1
38 1
39 1
42 2
45 1
50 1
53 1
8338 1
9257 1
