-9106 1
-8978 1
-8816 1
-8795 1
-8673 1
-8668 1
-8649 1
-2498 1
-731 1
-499 1
-390 1
-385 1
-174 1
-136 1
-116 1
-94 1
-90 1
-81 2
-79 1
-77 1
-71 2
-68 1
-67 2
-65 1
-64 2
-63 1
-60 1
-59 1
-58 3
-57 1
-56 2
-55 1
-54 1
-53 1
-52 3
-51 1
-50 1
-49 3
-47 3
-46 5
-44 3
-43 1
-42 1
-41 2
-39 2
-38 3
-37 3
-36 2
-35 1
-34 2
-33 2
-32 3
-31 7
-30 1
-29 3
-28 3
-27 2
-26 4
-25 13
-24 20
-23 44
-22 46
-21 43
-20 21
-19 16
-18 14
-17 14
-16 7
-15 4
-14 9
-13 15
-12 50
-11 65
-10 73
-9 63
-8 41
-7 28
-6 50
-5 59
-4 41
-3 70
-2 69
-1 44
0 42
1 19
2 2
3 2
4 1
5 3
6 5
7 2
8 3
9 1
10 1
11 1
14 4
15 1
16 2
17 4
18 1
19 4
20 2
21 2
22 2
25 3
27 1
28 4
29 5
30 1
31 3
34 1
35 1
38 2
39 1
43 2
46 1
421 1
3374 1
3387 1
9257 1
13413 1
13435 1
15518 1
15884 1
15899 1
16144 1
16361 1
