-114 1
-100 1
-92 1
-88 1
-86 1
-85 1
-81 1
-79 1
-74 1
-73 4
-72 2
-71 2
-69 1
-67 3
-66 1
-64 1
-63 1
-62 1
-59 1
-56 2
-55 1
-53 2
-52 1
-51 1
-50 1
-49 1
-46 1
-45 1
-44 1
-43 1
-42 3
-41 5
-40 3
-39 1
-38 2
-37 2
-36 3
-35 5
-34 1
-33 4
-32 1
-31 18
-30 2
-29 7
-28 3
-27 7
-26 11
-25 33
-24 5
-23 2
-22 4
-21 17
-20 57
-19 17
-18 9
-17 108
-16 12
-15 26
-14 5
-13 26
-12 159
-11 126
-10 43
-9 41
-8 44
-7 37
-6 12
-5 57
-4 157
-3 80
-2 33
-1 40
0 48
1 36
2 10
3 7
4 6
5 5
7 2
8 2
9 1
10 2
11 9
13 4
14 3
15 4
16 3
17 4
18 1
19 6
20 2
21 3
22 4
23 1
24 2
25 1
27 3
31 1
32 2
33 2
34 1
35 3
36 1
37 1
38 4
39 8
40 2
42 2
43 3
47 1
49 3
50 2
52 1
54 1
57 1
60 2
63 1
66 2
67 1
69 1
70 1
73 1
74 1
82 1
90 1
93 1
127 1
148 1
156 1
290 1
