-161 1
-132 1
-105 1
-103 1
-98 1
-89 1
-87 1
-86 1
-85 2
-82 1
-81 1
-78 1
-77 2
-76 1
-75 2
-73 1
-72 1
-71 2
-68 2
-67 3
-66 2
-65 1
-64 1
-63 1
-61 1
-60 1
-59 1
-58 2
-56 2
-54 3
-53 2
-52 1
-50 3
-49 4
-48 1
-47 2
-44 3
-42 2
-40 4
-39 5
-38 5
-37 1
-36 5
-35 2
-34 1
-33 3
-32 5
-30 4
-29 4
-28 2
-27 1
-26 2
-25 25
-24 11
-23 7
-22 15
-21 9
-20 11
-19 18
-18 7
-17 10
-16 61
-15 16
-14 22
-13 33
-12 35
-11 79
-10 26
-9 82
-8 31
-7 20
-6 27
-5 77
-4 29
-3 32
-2 42
-1 45
0 76
1 21
2 31
3 28
4 30
5 33
6 7
7 42
8 11
9 78
10 72
11 62
12 30
13 36
14 4
15 1
16 4
17 2
18 4
19 5
20 1
21 4
22 1
23 3
24 1
25 3
26 1
30 2
31 2
32 3
33 14
34 2
35 2
36 7
37 1
38 4
39 14
40 4
41 3
42 1
43 1
45 1
46 2
47 1
48 2
49 3
50 3
52 1
54 1
55 1
56 1
57 2
58 1
59 2
61 1
62 2
63 1
64 2
65 2
66 2
67 2
68 2
71 1
74 1
75 1
79 1
81 2
85 1
86 1
89 3
93 1
122 1
198 1
296 1
