-58705 3
-58344 1
-48270 3
-48016 2
-48008 4
-48007 23
-48006 1
-48005 4
-48004 2
-47996 1
-47984 1
-47970 2
-47969 2
-38419 1
-38411 7
-38410 7
-38409 7
-38408 2
-38401 2
-38400 3
-38399 1
-38388 1
-38386 3
-38373 5
-28842 1
-28839 1
-28823 1
-28822 1
-28816 12
-28815 6
-28814 7
-28813 4
-28806 5
-28805 2
-28778 4
-28777 2
-28776 2
-19245 1
-19244 2
-19230 1
-19229 1
-19221 17
-19220 17
-19219 1
-19218 3
-19212 1
-19080 1
-9661 1
-9646 2
-9638 1
-9632 1
-9623 18
-9621 1
-9620 22
-9600 18
-63 1
-48 1
-45 1
-42 1
-40 2
-38 1
-35 13
-33 1
-32 1
-31 72
-30 4
-28 3
-25 24
-24 4
-23 15
-22 14
-21 256
-20 4
-19 26
-18 1
-17 347
-16 23
-15 4
-14 10
-13 8
-12 2
-11 23
-10 5
-9 11
-8 2
-7 16
-6 1
-5 24
-4 1
-3 2
-2 2
-1 12
0 72
2 3
6 1
8 1
12 1
15 2
22 1
38 8
