-110 1
-101 1
-98 1
-96 1
-95 2
-90 1
-89 1
-86 1
-85 1
-83 1
-81 2
-79 3
-78 1
-75 2
-74 1
-73 1
-72 2
-71 1
-70 2
-69 2
-68 2
-66 3
-65 1
-64 2
-63 3
-61 1
-60 3
-59 1
-57 1
-56 2
-55 1
-54 3
-53 1
-52 2
-51 5
-50 2
-49 3
-48 1
-47 2
-46 2
-45 2
-44 2
-43 3
-42 8
-41 2
-40 6
-39 3
-37 5
-36 4
-35 4
-34 5
-33 6
-32 31
-31 8
-30 8
-29 7
-28 23
-27 23
-26 15
-25 20
-24 17
-23 14
-22 39
-21 31
-20 59
-19 50
-18 124
-17 26
-16 47
-15 10
-14 12
-13 23
-12 79
-11 80
-10 106
-9 147
-8 118
-7 43
-6 9
-5 9
-4 39
-3 18
-2 15
-1 28
0 18
1 3
2 4
4 1
5 7
6 4
7 2
8 5
9 2
10 7
11 2
12 6
13 5
14 3
15 5
16 7
19 7
20 6
21 4
22 2
23 2
24 1
25 1
26 3
27 2
28 2
29 3
30 1
31 1
32 6
33 3
34 12
35 1
37 2
38 1
42 1
43 1
44 1
45 2
46 2
49 1
51 1
52 1
53 1
54 1
55 1
56 1
60 2
62 1
67 1
68 1
69 2
70 1
71 1
72 2
82 1
84 1
85 1
94 1
100 1
273 1
291 1
9576 1
9590 1
