-125 1
-111 1
-99 1
-92 1
-91 1
-90 1
-88 1
-87 1
-85 2
-82 1
-81 1
-80 1
-79 1
-75 1
-72 1
-71 2
-70 1
-67 1
-66 5
-63 2
-62 1
-61 1
-60 1
-58 3
-57 2
-55 1
-54 2
-53 3
-52 2
-51 1
-50 1
-49 3
-48 2
-47 2
-46 1
-44 2
-43 3
-42 4
-41 3
-40 2
-39 2
-38 8
-37 3
-36 1
-35 5
-34 2
-33 1
-32 2
-30 2
-29 2
-28 1
-27 8
-26 23
-25 4
-24 7
-23 5
-22 9
-21 20
-20 24
-19 33
-18 50
-17 36
-16 17
-15 36
-14 20
-13 23
-12 75
-11 39
-10 13
-9 8
-8 38
-7 60
-6 71
-5 123
-4 71
-3 35
-2 41
-1 59
0 68
1 94
2 73
3 65
4 54
5 2
6 2
7 5
8 7
9 4
10 4
11 2
12 7
13 3
14 3
15 3
16 2
17 2
18 4
19 3
20 4
21 6
22 1
23 1
25 3
26 3
27 4
28 3
29 3
30 1
31 1
32 1
33 2
34 7
35 2
36 10
37 11
38 6
39 7
40 7
41 1
42 1
44 1
45 2
46 2
47 1
49 2
50 1
51 1
53 1
54 1
57 1
58 1
59 1
61 2
62 1
63 2
65 1
66 1
69 2
77 1
78 1
79 1
80 1
81 1
83 1
91 1
106 1
109 1
112 1
115 1
302 1
