-115 1
-111 2
-110 1
-94 1
-93 1
-90 2
-80 2
-77 2
-76 1
-73 1
-72 2
-71 1
-68 1
-67 1
-66 1
-65 3
-64 1
-61 2
-60 2
-57 1
-56 4
-55 3
-52 1
-51 6
-49 3
-47 4
-46 2
-45 1
-44 1
-43 4
-42 2
-41 3
-40 1
-39 1
-38 21
-37 19
-36 12
-35 19
-34 6
-33 7
-32 2
-31 4
-30 3
-29 6
-28 9
-27 13
-26 11
-25 4
-24 61
-23 172
-22 30
-21 62
-20 28
-19 48
-18 60
-17 24
-16 67
-15 91
-14 139
-13 64
-12 100
-11 18
-10 38
-9 33
-8 9
-7 3
-6 7
-5 7
-4 6
-3 3
-2 4
-1 10
0 84
1 1
2 1
3 1
4 3
5 8
6 3
7 4
8 3
9 4
10 5
12 3
13 1
14 4
15 2
16 2
17 1
18 3
19 4
20 3
22 3
23 3
24 5
25 1
26 2
27 4
28 4
29 2
30 1
33 2
34 1
35 1
36 2
38 13
39 2
40 1
42 2
43 1
44 1
46 1
47 3
48 1
49 1
52 1
53 2
54 1
56 1
59 1
61 3
62 1
65 1
98 1
103 1
150 1
286 2
